For Holesize 4
97.36954803539871 12.165999999999112
132.57664706259737 20.106000000000137
96.05842420597152 4.4279999999999555
167.58644912008052 68.9599999999947
160.5335006654046 20.352000000000494
101.90752353224028 17.267999999999113
143.44711457711188 22.33600000000123
164.53493844875044 17.911999999999484
92.54258867857209 23.388000000001163
133.02408050823465 32.69200000000428
212.258055961024 74.76400000000477
162.1615068562014 15.325999999998844
114.74153935512791 10.531999999999284
128.9342018695752 47.77999999999511
91.24896239526113 34.440000000003245
96.6579217905857 14.20799999999888
113.46369871871512 11.70599999999917
155.62103731377746 32.0180000000042
121.51330499286102 11.499999999999178
133.81062376929137 19.812000000000054
150.3764316972481 27.738000000002675
119.53508809403094 16.835999999999114
100.60051232077001 6.535999999999749
123.38043278809323 5.417999999999847
159.78001549634615 31.27200000000403
128.9984029247391 21.964000000000876
169.50670149025206 39.6459999999993
90.59912919192772 21.48000000000087
118.01501985710284 27.410000000002842
122.04529945826982 72.3199999999973
128.40731743965296 26.496000000002947
128.5395651564071 27.760000000002886
152.60313932758697 51.439999999992374
85.05358418171109 10.4419999999994
180.0658110601577 51.53799999999328
111.48394895030555 37.760000000001305
109.02309387908738 27.964000000003196
132.4515860261213 53.817999999989134
92.5554944219578 40.224000000000316
134.40375967065336 28.42800000000304
158.61523655016845 23.98800000000152
107.54492142894348 4.035999999999999
107.22584734402076 13.179999999999076
124.95059761432987 22.474000000001475
118.42662025175775 87.62400000002472
109.21409155467458 4.919999999999901
106.59975442982073 20.7780000000004
141.45319127134903 50.925999999993266
129.76950913909553 43.209999999998686
102.15297390716752 3.776000000000003
156.3531262544315 16.699999999999033
138.33921026180946 46.617999999995696
105.7127959318608 11.22799999999927
126.06035194717818 24.38800000000187
152.37366744883258 23.19400000000139
134.98121461539597 23.002000000000873
126.2785065902425 37.598000000001484
168.56566628328457 21.95800000000081
128.29740811400796 12.697999999999071
149.17773004564165 5.75199999999981
153.95759613276937 17.759999999999444
136.9255112656469 11.957999999999126
115.56095219468526 13.039999999999107
106.98594970196395 65.87999999998975
106.60667881928129 38.39800000000153
110.32337476159253 6.7799999999996965
125.74466209679811 13.089999999999007
153.31221819275083 39.56799999999853
148.77165232736036 7.547999999999612
121.8398804980115 8.635999999999493
142.77813774622444 48.17599999999347
151.65205343346202 111.13400000003006
93.04766461720742 30.324000000004126
91.32986841593447 12.345999999999082
120.44312895383864 14.041999999998946
102.64304896374858 10.37199999999931
126.01131706521967 20.170000000000183
117.5645835759567 11.955999999999223
107.36045758385555 6.895999999999684
141.18105724931638 26.72600000000258
143.64872969474624 29.5500000000034
150.91524237027932 42.667999999999125
160.6183747021687 21.724000000000903
101.85568979746395 42.50799999999626
137.31511165966796 22.20200000000084
100.80254987628419 20.11000000000025
141.0120574873975 9.227999999999428
179.4128989927368 38.99000000000128
143.66414590573876 14.943999999998937
115.81852492684013 12.383999999999299
124.2305402785951 32.44200000000453
133.28489722613566 20.880000000000752
129.68135845485753 24.164000000001963
123.21039318484206 42.85799999999899
152.386726969227 26.248000000002516
128.2027518852275 25.78800000000217
81.35277134469803 15.979999999999267
106.82837721811 7.059999999999666
126.41651760445119 12.47599999999907
89.06521375600363 7.7239999999995925
number of times hole fully covered 0
average area reduced = 79.70617922182963
For Holesize 6
210.73127598818036 28.996000000003445
223.69246526702884 72.13399999999717
254.2746670220366 69.93999999999645
235.16260651796253 140.2039999999985
224.51983591125318 70.77199999999888
184.97065107516454 82.44400000001374
214.66199887948665 26.436000000002217
207.8905411407123 37.156000000001434
207.62807969131796 97.75400000003349
230.53238378140975 106.49200000003621
196.47752259877822 39.443999999999654
222.1058273226238 134.36400000001188
268.0362160330646 84.62000000001625
231.16082738742983 13.597999999998947
180.5414693691903 41.28599999999995
200.5294532148572 89.08000000002417
246.2534448298819 44.94599999999732
198.77549010924352 19.07599999999976
216.5822003447851 94.98200000003187
224.4225683567442 112.84400000003222
259.66856312978973 136.28400000001403
255.9721067096039 63.25799999998688
187.66553339414065 19.819999999999983
187.25162825896797 90.28000000002496
229.37053620738686 54.09199999999064
202.65874961126758 53.87799999999072
215.07821484889357 88.15400000002403
209.38276620111895 101.68800000003093
213.42731776561317 51.04199999999306
229.0557631252978 66.06399999999151
228.31325235642407 88.76000000002493
227.1671053772788 113.00400000003347
219.46929435193192 148.30799999997055
180.8427743668874 44.12599999999783
202.83958806660831 17.689999999999316
199.50058669871044 67.02999999998887
187.3323160248916 23.088000000000903
196.6258362469442 118.1320000000299
207.60686311277118 131.1840000000299
227.58319948412662 76.13600000000604
193.32437626464758 36.2200000000017
263.4402107117083 14.09599999999891
203.682108889927 41.12600000000032
180.25474408595198 46.067999999997
193.00543117999666 50.16799999999407
218.8131266320914 84.00200000001799
205.50702417457592 77.15800000000637
214.99109651135996 68.53999999999891
289.61091882923614 114.92600000003053
166.5354604970214 41.14999999999875
207.01684632238522 48.53599999999404
169.05979859241114 29.560000000003686
195.39329339277975 40.01200000000059
208.4067074004996 40.44800000000048
251.8473359653125 102.66800000003536
228.12679680037544 98.60800000003593
194.15867961179708 123.99800000003154
243.2549830573468 92.80000000002798
225.71067686329206 92.76600000002807
230.4321875863188 64.20399999998558
184.66328627323387 27.694000000002823
235.06408055027828 58.205999999988016
231.34049173284657 43.82599999999883
224.31602997822148 104.82600000003228
209.05033000323982 95.85200000002555
215.71797874714852 83.29200000001487
238.15896783073612 66.22599999999271
163.97617202452557 41.67199999999807
243.9979736917432 126.94800000003123
208.82797902238678 92.79000000002915
219.5937216820168 87.90600000002281
218.51456790356684 52.057999999992106
233.31076831122078 150.39799999997174
216.170918624401 66.92199999999139
207.97834143831065 58.5259999999889
210.32078842337538 49.855999999994275
246.8183861426799 43.56799999999808
248.62128242004917 68.20799999999046
222.38280496231923 112.80400000004299
220.61336989974333 162.61799999993553
187.8797015831467 52.34999999999274
202.20747994246818 54.85399999998946
191.2548508305082 65.13599999998685
222.00190015695702 118.82800000003833
200.9869248962932 49.15599999999341
208.00778105415537 41.185999999997186
221.84485102783765 144.2999999999812
215.1443869680943 57.39199999998883
214.014732907797 78.01600000000863
177.49904970863147 14.751999999998905
202.1967834200506 48.50399999999481
214.24605002781212 68.10399999999464
229.04832457413593 76.20200000000898
231.88185185403444 71.33200000000146
197.5093544650099 84.8260000000174
195.36248709453935 199.45999999990457
209.40433236310236 77.01200000000202
213.01612575857664 64.85799999998679
181.82840879913982 10.703999999999308
234.8530571222273 93.28800000002713
number of times hole fully covered 0
average area reduced = 66.14552873755065
For Holesize 8
352.36190258126453 126.78200000004288
309.73891839995196 220.91599999990723
360.20576780963734 157.25399999995798
335.81446542039635 171.12199999992012
364.12187089818343 146.79199999997536
354.49129267280216 161.45199999995273
357.4668184902919 222.66399999991776
401.5151374491138 173.31999999993442
338.38049089651 94.53600000002957
315.341133626799 123.4100000000347
367.0982180102717 128.8260000000298
343.9417352069867 142.70999999999842
359.44451801747664 221.04999999991068
292.31803641247245 196.42999999992116
320.69178098282276 72.06199999999822
351.2474798354318 177.10799999993102
349.63628720332207 176.21799999991367
328.7471894098204 108.55200000003039
364.04129278446 172.62599999992028
352.57974339835874 240.07999999988567
374.0524020108883 114.14600000004125
354.9467141238997 175.61399999992622
339.64874358628146 142.9459999999865
369.49708684001723 151.68399999996308
347.5728118110091 104.82800000004127
370.3833556407062 121.00200000003919
336.4752577875743 160.05999999994074
346.24525189476924 149.4579999999739
329.423730025004 124.19200000003885
339.5006319924595 194.44799999991142
361.9179815764354 175.41399999991265
295.00777035278406 106.70400000003484
376.2201931266063 141.24799999999408
322.03080571571456 143.04599999999252
359.32465354208193 341.942000000171
323.5482033159648 132.13000000002097
332.3130345960591 146.28599999998463
307.5059916241603 95.9060000000271
331.6876680659505 178.39999999991718
351.9835154800995 157.28599999994742
389.81344692452313 236.96599999992915
336.22580294711486 193.19199999992233
326.27091300059783 111.88800000004402
332.9055204302271 167.89799999992402
338.071711431268 90.20200000002454
314.2555632355074 127.11200000003711
381.7850814347675 155.57599999995702
305.0865511809742 152.15199999996477
321.3027923780488 135.93200000001022
338.55668202937983 134.0900000000211
369.86954390520384 192.2679999999171
327.59842105774 136.80400000002473
373.4795017179971 270.9819999999906
318.88744334742137 156.8479999999532
341.98549036593 119.20000000004121
392.32294096579386 238.3199999999054
347.5023991979404 154.45999999996877
306.3759074540991 57.76599999998875
295.98104274226534 111.88000000003302
314.37391123040163 151.26399999996852
361.86080623918457 100.45400000003318
369.1461821583427 170.59599999992605
336.4756744206611 131.15800000002614
423.38229926508626 163.72599999993523
334.3165343120537 115.28800000003268
326.5548435981589 139.18400000001475
319.07741924178526 145.4719999999787
373.63804790304 123.06400000004018
343.199176734309 259.9039999999116
327.4543015445425 104.55000000003106
291.41658574747186 106.67600000002834
330.0638246676191 146.6419999999832
339.99682594964645 124.58000000003464
317.85584384894145 166.3519999999286
335.8982108717387 129.53400000003705
359.9304228916525 225.6839999998948
342.7645323130685 115.18800000002886
403.2575561628298 149.853999999986
377.6155813148323 167.2899999999303
341.56926149410026 84.44600000001441
298.3541148019874 123.02200000003688
313.2542644298916 263.4339999999634
333.4293264300487 88.09400000001907
302.34012632027196 106.2000000000351
339.84442646955324 163.287999999938
306.7453492224399 88.99400000002339
312.9092914174396 106.48600000004242
387.71684599911106 181.9739999999183
319.0454011751624 90.34600000002405
338.30788002127156 223.64799999989734
370.60322365748925 201.96399999992667
362.1730880872493 191.42799999991547
374.0907847517973 233.49799999990694
316.2675587648516 107.07400000003342
359.629963312243 168.3319999999338
336.26706764972516 46.377999999997364
399.6333424771991 161.95799999994927
397.58750987544545 196.76999999991855
391.4346597868475 164.46199999994394
332.8494247698097 167.75599999992934
number of times hole fully covered 0
average area reduced = 55.59723624624681
For Holesize 10
456.11792493066946 293.00000000009794
488.17998315622503 222.58199999992382
467.9276151274175 320.4200000001789
562.133984105201 451.60800000017025
517.5211096962864 268.72599999998585
539.7268306125516 186.79599999992502
566.92481958356 286.2200000000565
423.8542202986822 226.06599999990289
497.51293819411524 157.39999999995905
499.0519498009267 303.95400000012927
481.0817415954662 256.4159999999158
471.25702253855985 229.10799999990482
466.48374153831065 213.04799999991297
469.13672511265156 303.8100000001445
500.71662765799283 240.82799999988433
519.5343283602073 345.1880000001569
474.15557225886135 263.71599999996306
510.1087518891238 221.01199999991294
497.45228606331716 317.2340000001318
476.8443993790923 206.45599999989767
428.58666633173607 171.4319999999304
534.2553016976566 275.06000000001916
458.4041055629668 249.54999999991935
443.7212964918316 238.09999999990177
467.16884860322864 173.01999999991247
487.5485357321627 251.6039999998972
410.2428369078799 150.38399999996818
464.35235947308763 218.87599999991954
497.1555169186495 239.5939999998814
504.86002868094005 292.412000000082
467.37402026968186 240.49199999992342
450.65122679206456 207.35599999989614
596.8012089824982 419.2800000002288
500.2921879291203 297.30600000009906
557.1305757133384 379.56800000018427
441.58117810112066 301.9500000001206
464.2170123272085 269.6439999999803
459.3018691192368 276.08400000001706
503.54585729647283 301.2540000001278
462.07708224649764 235.3939999999146
431.5358139816957 240.8919999999093
446.74292507742894 160.10799999995217
495.4653459763051 232.0579999999102
476.97614543555187 188.76199999992645
471.08232822060285 291.19200000011085
527.7868526524442 265.899999999954
486.32635200333317 248.13999999990764
528.3357822854305 268.9619999999994
522.8517171738508 290.9120000000754
517.841069712225 297.28200000011344
531.7708290418271 175.09999999990964
482.1328729615188 259.83999999994177
500.50453651076975 312.22800000018435
569.3853766651694 423.83000000017125
538.7178715515407 241.58599999991725
494.51183290567303 234.0559999999239
462.7719018140225 167.4279999999378
501.7592677012955 275.8700000000415
527.9579266883629 256.8899999999252
477.50489204971643 253.8919999998994
470.30509101123045 206.07199999990902
398.9345992623752 238.99399999989194
465.93664823220604 248.90399999992331
478.7365422143906 359.09200000012345
506.1192912129453 282.7560000000544
446.86939840598706 249.97399999992615
488.39931620282925 167.69999999991896
495.60650101969117 235.96599999991437
492.4456477881996 275.7840000000272
553.13848636578 321.2540000001609
514.0973957945232 342.31800000014516
525.4492351106968 292.89600000010375
503.007903732748 193.1939999999133
464.3730483261529 180.4119999998958
528.9834609430878 312.9640000001325
503.56070918836406 223.6659999998967
496.1942696216544 269.3620000000046
487.83743340580423 302.7420000001224
434.7792271663396 151.31599999996817
460.17161924492245 279.31800000003153
549.689165383079 329.26000000016063
454.5876484664928 157.1899999999619
425.0456896389858 235.2339999999209
520.3163040201179 252.10399999991893
473.38373381696465 215.36399999991005
493.8332714052669 202.93399999991956
549.2279631216778 349.33600000018384
514.8304175245496 202.33199999992112
493.6703057447612 290.28800000007476
460.1639517770177 232.9339999999195
457.039792185085 285.2380000000751
426.0031383265938 215.40799999991702
465.31750620551895 153.5319999999636
483.494960284027 248.69199999989584
483.1512282089975 282.3200000000477
522.793755516836 287.25000000007674
466.9168607430481 273.7720000000144
526.881128447252 243.59399999991035
516.4035742673209 327.7640000001245
461.7999159016885 211.897999999917
number of times hole fully covered 0
average area reduced = 47.635577496242675
For Holesize 12
675.6226900288713 380.67800000017235
685.7078459458179 348.7460000001613
632.8967680770774 426.7460000001628
703.5260779579357 555.0380000001988
707.3161445798296 420.85200000018517
609.264884420452 323.40200000018456
637.7422533892867 413.51000000014744
641.1215624947438 444.7540000001569
687.0686840357847 414.6260000001681
610.004243769159 295.7280000001061
648.38577187059 318.85800000017196
621.7981879488793 323.53800000017804
631.0200086745085 357.7020000001653
605.6242907916612 396.81400000015014
634.4815147325371 370.3420000001521
668.8623776547689 488.0860000001554
626.7734034663904 368.16800000019487
653.3828703540175 386.2000000001291
672.0865214709161 382.5720000002326
615.3930897676902 401.9860000001779
680.5654525550433 355.6840000001696
655.8901775088459 281.9120000000512
674.0205172599602 487.5200000001614
625.1169476928517 381.28600000018037
600.6674187267538 331.87600000015027
647.6942290025493 380.5100000001952
692.7273090655069 493.0960000001519
680.0796606374507 519.456000000175
677.7706044170761 392.7480000001724
632.5049037781547 287.01000000006144
666.808480818238 384.9060000001773
631.43841607466 411.20800000014515
602.6278431254228 241.1339999999076
631.6973952038018 383.3640000001475
719.1769469905142 360.21400000015467
688.9258787002912 350.8860000001854